7.368849 3.46333 5.009089 3.440725 4.530614
4.350244 6.891878 6.942935 6.485423 3.488049
4.354649 7.937368 6.634536 4.627992 2.723167
5.629946 6.967739 4.354418 5.922841 5.553131
8.741672 7.11281 1.769873 5.055687 3.163641
5.796621 5.808798 4.572709 5.69221 7.177631
5.247705 5.583996 5.425023 8.314749 5.244602
5.28123 4.397233 3.346151 7.220778 5.228909
6.036748 5.50973 7.917947 7.911535 2.56993
6.856431 4.951676 4.451078 4.03766 4.012821
5.957142 3.603114 5.016907 5.466426 5.868628
4.086941 4.654727 2.543948 6.38658 7.364318
5.502497 4.555679 5.971889 7.582018 5.436957
5.141949 4.936157 7.031187 6.847402 4.935496
4.888974 2.395664 2.308744 6.438759 6.600152
4.992287 8.547244 5.825292 2.356886 4.460636
6.280847 2.296942 5.077171 4.16884 3.23707
8.05759 3.919775 4.904133 4.407813 0.05426478
2.398137 11.48315 2.008675 5.581837 4.337209
2.609369 5.302561 5.89149 8.707488 1.54125
2.899975 4.531039 3.25617 5.679705 2.819459
2.019861 5.464791 3.057259 4.881675 2.483831
4.762436 1.63565 4.537584 2.870303 5.760654
4.33209 6.181214 4.910671 5.475472 4.914445
7.646696 6.795197 3.287984 5.332565 8.122849
5.798143 4.484215 5.782601 3.233335 6.325995
3.755582 6.562266 4.002232 2.099861 6.999913
5.685866 2.212383 6.660441 6.70293 5.305849
5.769155 5.46067 6.92102 5.850786 3.966793
1.454702 6.241222 5.098079 5.080656 5.288317
6.793344 4.384075 4.887823 5.728541 3.878029
4.286566 4.144585 9.092321 7.87859 1.425459
3.866715 5.653464 5.650163 2.294314 3.137596
6.703959 6.150036 6.926651 4.655842 4.879056
4.459068 -0.07691307 9.709464 5.434397 4.412827
5.683019 3.493907 3.760506 4.106428 7.933933
7.175937 1.438059 3.755064 1.09362 4.310544
1.53771 6.700209 1.37873 5.108079 4.987212
6.878577 4.121291 3.088465 6.014483 8.549579
3.174859 4.280791 3.701153 5.226401 1.258414
5.46001 3.876178 6.000091 5.671867 4.887845
3.418413 3.70931 4.109092 6.359907 6.811404
5.346313 7.475996 6.780697 6.175655 4.897588
8.044524 0.6377086 6.521421 5.319118 5.473633
4.285715 5.074531 8.520224 2.712837 6.131593
5.264759 6.101491 7.862882 6.232725 2.993679
4.528315 2.999979 3.924315 8.092417 4.749511
3.270384 5.250995 6.604525 6.48629 5.423226
7.611644 4.039126 0.971794 6.245256 5.043359
7.319256 5.860465 6.014493 7.961242 4.606625
6.242801 0.2784825 1.727359 2.122484 1.018542
3.796615 4.514215 6.105232 1.966973 6.758699
3.51982 5.709152 5.663172 1.17029 5.251151
5.490288 5.908359 4.474951 4.35869 5.768622
4.755991 9.747336 6.546365 7.319295 7.194099
7.325279 2.748067 5.912791 7.743105 3.379132
6.861808 8.264604 4.342269 4.442351 4.370567
5.853948 4.3396 3.8418 3.145165 3.695294
5.671703 4.456166 0.6380996 7.137409 5.483066
2.950485 7.57337 4.491332 10.49551 6.964059
5.030193 1.739631 5.901418 5.398335 5.136526
3.965538 6.605741 4.400268 7.060921 5.334185
5.604787 4.577228 6.178871 6.629011 4.203317
9.541991 2.288188 6.798903 2.825467 5.957743
6.033951 4.126397 6.932438 2.775391 3.949238
8.112687 4.482624 3.517692 5.819756 5.814603
5.420427 3.858091 4.503135 5.774713 4.072767
5.077156 5.683185 2.788508 4.289519 1.933739
7.890301 7.285415 7.03804 7.138952 7.354256
5.343185 6.320927 4.686124 6.201903 8.605172
4.728085 5.947792 2.630261 5.67228 4.196129
4.401006 5.479044 6.141678 6.185888 7.662656
2.256857 3.214997 6.018912 5.701144 4.282242
1.527793 1.728033 6.530161 1.860708 7.115169
8.000661 8.691721 7.834068 4.692533 3.523984
6.52739 6.36273 8.187572 5.176152 4.457329
6.318442 4.547208 4.462315 4.154285 6.048973
5.009308 4.008808 1.311797 6.847459 -0.1334057
4.031452 3.92285 2.121826 5.024275 5.492674
6.111981 8.520527 3.792425 5.915419 6.267626
4.622647 3.216295 4.319632 5.415139 4.974779
3.350242 6.875557 3.943442 5.368772 6.842894
5.492771 1.953253 6.794196 4.325152 6.634635
8.622473 8.656258 5.276723 4.051665 7.682012
4.995751 5.592502 6.281696 6.036132 1.777818
4.966791 3.875442 2.364945 5.03204 3.732831
5.665877 2.943346 6.826146 5.5269 3.290284
3.979206 2.941453 3.80546 7.27842 3.217638
3.483473 4.756127 3.281064 2.665708 6.81678
4.496138 3.251161 1.429316 5.247573 5.963014
2.98463 3.458893 6.938784 4.923632 4.660302
7.61357 3.353129 3.275852 0.8376119 7.013404
5.093057 4.383618 7.250771 5.474907 5.564808
5.504422 1.173732 6.953191 1.905584 3.226849
4.103823 2.401453 5.213958 4.530838 4.481951
2.685016 5.307039 6.674771 6.565266 5.514113
5.079208 5.268835 4.004671 3.227806 3.987292
2.107977 4.35996 6.973568 6.667065 5.856796
4.374244 7.240192 3.930401 5.458325 3.257145
3.479294 6.254788 5.184768 4.957773 6.798466
