-6.936878 -5.357503 -5.363668 -0.7772218 -8.016799
-4.901859 -10.48495 -7.091301 -10.71858 -6.566593
-7.968281 -7.351055 -10.06015 -5.078917 -7.773882
-8.411182 -3.971969 -6.31435 -9.406793 -7.81772
-5.225332 -6.188723 -9.925194 -6.14786 -6.563765
-4.865843 -7.111054 -4.77714 -6.712125 -10.19952
-7.489109 -5.307768 -5.111092 -6.613248 -7.034143
-6.530667 -6.166494 -5.035557 -6.936395 -9.009267
-8.145561 -5.999319 -8.364647 -4.596126 -8.174315
-8.378404 -4.82378 -4.138707 -6.476545 -8.029009
-8.382617 -7.52549 -4.740129 -5.10899 -7.719908
-8.433329 -10.17796 -2.645861 -5.404222 -6.882461
-2.930136 -9.047693 -9.616021 -9.615226 -6.7193
-5.594354 -10.99907 -5.627695 -7.38336 -9.232018
-7.690686 -5.928409 -8.006484 -6.092428 -4.095074
-10.87139 -4.232352 -7.814824 -10.8425 -7.38248
-7.827482 -8.150755 -6.199065 -5.685503 -6.167214
-6.986428 -5.714742 -8.390699 -8.12107 -8.320229
-6.111909 -7.415408 -11.19635 -7.408979 -8.053554
-8.08096 -9.059695 -13.04439 -7.151875 -9.415866
