15.74288 12.56117 13.02327 12.96206 14.01673
13.99318 19.57658 17.22114 16.08006 16.07212
16.46675 14.48586 11.09337 15.33518 15.25541
15.71023 13.59028 14.70363 9.534039 14.78353
15.62681 12.94388 17.91561 14.80303 15.97232
19.72809 17.82186 17.95258 14.90118 18.0912
15.45098 19.13411 13.69184 17.68644 13.61313
15.26017 14.31873 13.06444 18.72689 13.72292
16.88644 21.51246 14.88779 14.57869 19.76242
15.24012 14.82505 12.00589 18.28178 16.115
15.98532 11.99842 11.79676 9.366951 10.86687
15.5931 14.96276 10.75713 15.61985 14.64864
16.78094 17.41368 12.81368 12.71372 14.70801
12.0715 15.50468 12.078 14.12535 14.97964
10.91959 13.38172 12.0812 16.45904 16.6569
13.56347 12.72733 13.65216 17.0411 23.08062
11.74901 15.28061 19.49666 12.14284 16.04443
9.725298 18.65944 14.31609 16.37256 17.73608
13.80037 17.95625 13.31343 16.32514 16.24084
12.44093 19.14548 14.84709 14.28179 15.21088
