20.70171 22.38353 26.88395 25.42913 13.14715
19.99545 20.40399 14.60112 20.08322 17.43188
28.76535 25.62026 18.53916 18.81069 17.54023
23.44167 24.96681 16.66566 23.73282 19.1178
26.52576 29.42285 20.45017 20.01778 17.52622
23.42153 13.49975 26.94021 29.98506 16.59672
24.69044 25.29368 19.20768 24.18555 20.98752
15.87025 25.32037 19.55785 15.76549 18.42971
31.31738 20.87242 20.6452 20.94757 18.43296
16.09675 20.39128 22.70492 22.89818 22.84229
27.1393 17.9068 15.8565 21.77464 27.09218
15.39239 22.6975 21.56122 20.47536 25.43838
17.43181 23.7379 22.29165 24.76778 9.739507
19.74101 19.52237 22.24662 23.47638 19.30248
14.62214 17.61206 32.44514 25.98147 11.74598
19.84035 12.60843 10.66601 14.67694 24.90081
19.2279 24.11248 14.79511 21.8682 14.09714
22.70381 19.72621 23.33868 8.94625 21.33486
18.14535 22.08199 23.73561 24.03489 20.80865
20.62966 19.00816 20.68804 14.37048 26.33899
23.41366 20.52843 22.51725 14.54984 19.71674
19.61814 17.19807 19.47232 20.29886 29.69097
27.06533 20.94342 16.80702 11.31142 18.57851
15.83887 18.30195 21.82436 18.34606 14.59494
23.96882 26.23302 13.66254 22.84578 22.42691
23.15474 19.55028 22.03301 13.43428 15.19758
23.25644 22.80204 28.06349 23.26403 16.08746
14.42019 12.25402 18.8955 27.06406 13.14238
27.25429 27.28484 19.30148 14.75815 32.98863
23.77886 24.72443 20.78481 24.33601 17.8465
6.0668 28.80917 19.20341 23.84472 19.7771
18.0715 24.04985 9.503009 21.44453 24.14515
23.39963 21.21813 20.20481 27.84598 20.94082
19.59912 16.18379 26.66049 25.91333 12.21771
17.01431 28.26271 20.83952 12.22964 24.04671
18.97752 19.38571 15.06671 19.44779 23.04162
16.32003 19.00077 22.57298 24.72773 23.08861
31.48725 13.35984 10.87047 14.04177 15.49516
15.28592 20.98715 23.8704 18.94192 14.41058
14.57844 18.83869 22.84547 27.19503 23.46024
21.59324 21.94757 25.66283 21.83484 16.32652
25.82944 10.99014 14.14488 17.76396 14.16679
31.36618 19.65564 28.85928 11.18411 23.91037
24.76612 25.17129 25.19681 10.8132 17.87624
14.44725 17.43774 17.49098 27.56996 9.351029
15.06354 19.03334 20.26361 12.81619 30.08403
24.03881 24.95607 32.43967 27.88211 15.82824
13.18748 20.81845 19.48195 23.21878 18.25719
16.1163 24.02366 18.99912 12.4677 22.47206
17.08724 11.14534 11.68956 16.0975 23.13246
23.72082 20.42135 28.48592 14.7885 9.755392
14.14051 16.12577 14.99509 20.09066 22.44035
17.76834 20.14819 11.93227 22.40175 13.97649
22.74618 13.70333 17.29928 6.701091 23.73653
19.92017 17.65654 23.9247 19.11467 15.23419
29.94338 25.25973 8.735671 20.86289 24.04121
19.51347 21.53482 14.55401 21.82794 16.8587
14.80297 19.4768 19.49909 27.20799 18.77015
17.97474 15.12815 20.4659 19.96252 21.20024
21.93054 22.29569 18.52905 20.6208 29.73435
22.52923 18.34495 21.51982 16.28176 22.07098
24.95752 22.37866 24.02678 21.87801 11.23892
20.33956 19.6186 20.86157 30.16547 25.29325
26.28922 14.74939 22.63449 9.893271 14.18532
23.35818 21.6522 19.69375 21.94157 16.13821
24.45778 22.12653 12.74039 15.00073 22.69657
24.41746 15.44212 21.7221 25.94618 25.16909
23.6454 10.05029 13.80495 26.2272 26.66055
23.70984 27.25241 21.66606 19.28373 27.15608
21.19859 24.38893 22.98503 22.54824 12.84811
19.60148 19.45307 15.89903 22.48727 21.14603
19.48001 23.08084 28.50372 17.00583 14.69871
29.0956 11.45713 14.74686 20.93088 23.27257
19.70282 23.73635 22.92982 13.62216 16.96976
15.76016 16.75419 14.43059 18.18805 17.08264
10.11531 26.80785 24.82048 19.02503 24.99779
17.56776 18.74864 28.67316 31.5802 14.08287
14.003 19.57813 21.12171 18.06018 25.77204
19.0619 16.95915 20.01591 18.38982 33.8295
14.78542 27.37817 23.56775 26.36762 18.29339
21.06371 21.43503 14.7612 22.34644 21.76889
16.61097 28.19705 15.99395 29.12319 19.27935
18.63215 23.78149 24.36511 15.102 21.43362
19.65919 17.97586 21.0013 26.19716 17.03098
19.84538 12.02229 22.8652 24.24392 15.33533
21.19851 21.81492 19.37485 19.84959 20.09005
18.59045 20.74194 27.66085 29.58081 14.25891
17.85169 30.03024 21.61671 20.28057 18.63878
19.07475 16.23042 15.59215 14.16385 20.72677
21.93952 10.8369 17.06484 20.95467 16.56564
11.50116 17.26667 10.84203 16.937 17.86953
17.75678 28.75894 16.22989 15.9255 26.23536
23.01063 30.26706 16.74625 17.60187 21.21454
15.8756 24.55488 19.71679 23.84972 13.56178
22.16383 9.491613 20.18165 24.50948 20.93938
21.49458 17.17851 17.9734 20.68413 17.46871
19.78742 23.96145 20.95248 22.94328 23.22644
19.14772 21.40684 34.04775 16.64459 30.83628
26.50779 11.16426 18.42251 23.28434 26.18298
17.9304 16.44287 22.5477 16.10607 22.24684
