29.95513 92.92162 1 23.86055 93.81907
1 15.87558 97.15608 1 21.88591
35.56562 1 29.71615 91.85033 1
26.38515 91.26399 1 25.57777 99.68221
1 29.99656 90.20538 1 20.67107
91.76257 1 29.95216 35.3662 1
20.73292 91.50183 1 25.83555 99.16788
1 25.29125 91.5808 1 18.76816
93.32631 1 20.75036 99.65202 1
30.65977 98.76375 1 21.55125 92.35372
1 15.7609 95.99755 1 29.55998
37.95925 1 21.27639 99.58652 1
22.61795 37.52702 1 21.78285 91.27355
1 22.85588 91.5505 1 18.65359
38.3031 1 22.19239 50.12321 1
22.65555 92.36959 1 29.57352 92.66093
1 17.8996 92.8725 1 22.22208
93.07166 1 22.56608 92.80381 1
29.53219 91.56796 1 27.27329 91.56193
1 18.95216 95.15037 1 21.65627
93.08076 1 22.90503 35.63265 1
16.95387 91.20695 1 27.8887 91.5822
1 15.63757 91.78538 1 26.03951
95.55963 1 21.9182 90.8527 1
22.03739 38.98387 1 27.30151 92.26608
1 18.59788 91.20757 1 20.59367
92.69355 1 22.77176 91.83351 1
25.5272 92.28291 1 25.12563 93.85605
1 15.53056 99.09323 1 21.65193
92.65263 1 15.67593 90.57391 1
20.68676 95.13386 1 20.95187 92.01687
1 29.1167 93.5593 1 30.89881
92.86683 1 23.56775 91.51652 1
18.68585 90.21597 1 21.91712 98.81972
1 23.35027 38.38386 1 15.73116
90.75106 1 15.75358 93.23322 1
23.55038 35.93022 1 22.5759 93.17267
1 20.95057 35.15255 1 22.73961
35.39856 1 20.70121 92.17193 1
20.03005 92.32726 1 25.37605 37.02688
1 29.27305 92.37588 1 22.58685
91.99696 1 20.26721 93.65933 1
21.17508 90.63739 1 23.53006 91.5035
1 28.05051 91.03152 1 18.51038
91.69655 1 21.52615 99.70355 1
22.25695 93.80559 1 29.37572 35.88556
1 22.55778 35.65503 1 18.96763
93.69797 1 15.15929 38.53536 1
25.88896 90.61185 1 29.71336 35.35515
1 20.85522 93.05058 1 23.7605
90.06679 1 22.02837 90.91915 1
23.59215 91.18198 1 25.29825 91.19218
1 22.96558 91.37875 1 23.68567
95.3735 1 21.97861 93.97852 1
21.2753 38.36688 1 20.80573 90.85868
1 18.58962 92.39872 1 29.98232
91.38297 1 15.65538 90.55698 1
22.86772 93.2588 1 17.18585 99.22728
1 23.11556 99.39392 1 21.18628
92.89551 1 18.73513 97.97353 1
15.5523 90.31559 1 18.76859 96.97558
1 20.99559 95.28925 1 18.55257
35.77953 1 20.65026 91.11637 1
23.60377 91.27383 1 20.87557 37.87281
1 22.07527 35.65951 1 22.70075
37.28619 1 27.25558 93.29875 1
15.71223 95.99829 1 26.17985 37.52005
1 26.3676 90.53755 1 21.06632
96.73851 1 22.50715 91.15219 1
25.9657 38.55565 1 27.06726 93.29892
1 27.65253 35.62859 1 21.19295
96.50389 1 29.97652 92.52265 1
18.59506 91.53259 1 23.96688 35.68728
1 20.76007 92.93665 1 26.32721
92.50365 1 23.82702 99.17628 1
15.95251 99.95055 1 29.09865 93.25055
1 20.62566 92.53957 1 18.51783
90.71939 1 23.52622 35.80955 1
22.62013 90.06905 1 26.63928 99.55725
1 19.86757 35.91555 1 15.07771
92.56565 1 26.57265 38.82283 1
18.83869 91.51855 1 18.30092 91.59555
1 22.83359 90.99721 1 22.59207
38.31658 1 20.07262 91.83778 1
28.68699 93.15557 1 21.31902 91.69822
1 21.27366 35.81932 1 22.08369
95.50665 1 17.31992 37.03256 1
20.97356 95.85855 1 15.51629 90.05962
1 15.38597 90.20968 1 12.52215
38.26019 1 25.38195 38.23955 1
27.5373 90.23518 1 15.87897 90.50893
1 21.50507 95.1151 1 22.52151
90.39532 1 29.9587 93.68695 1
23.09753 96.53879 1 29.8988 99.55221
1 15.91792 38.33373 1 29.0357
90.76235 1 25.71509 35.86983 1
29.15162 99.02011 1 18.02129 99.93958
1 15.72501 99.89652 1 28.1397
92.03338 1 25.30021 99.1537 1
26.67623 37.65181 1 25.99325 38.05768
1 26.78017 35.15623 1 28.91992
92.37659 1 23.96152 91.57221 1
23.75678 92.35128 1 29.99965 91.27793
1 22.30225 90.65562 1 23.33876
91.60831 1 29.13175 91.16769 1
15.8362 92.17276 1 23.38172 92.92795
1 17.11635 90.62059 1 25.35158
97.705 1 21.15031 99.66227 1
23.02293 37.10375 1 17.23195 93.9673
1 23.89178 93.19525 1 25.70505
90.98891 1 27.3775 91.0351 1
18.33019 90.36288 1 17.13176 91.91529
1 29.77969 92.51589 1 25.96909
91.33958 1 22.58926 92.15735 1
20.72028 97.61831 1 20.76793 93.22535
1 22.58658 93.16728 1 22.15885
93.23719 1 21.12663 91.27823 1
20.12981 99.85308 1 15.0356 35.67265
1 23.55031 92.23551 1 17.92505
90.55922 1 18.55157 35.51127 1
22.15722 35.53915 1 15.5523 93.58558
1 18.88778 91.22123 1 25.30515
90.9805 1 25.72553 99.99902 1
20.75595 91.16556 1 15.0751 38.93967
1 20.20965 37.92575 1 23.36938
96.99352 1 21.9767 95.19698 1
23.21795 92.39859 1 18.53552 90.51595
1 17.73363 96.65658 1 23.60757
93.65352 1 15.89123 95.28725 1
29.13012 90.03105 1 20.38822 90.78235
1 23.73235 91.91803 1 28.57556
36.80627 1 23.52358 95.25372 1
23.59025 33.15125 1 18.35119 92.76306
1 23.53797 35.2099 1 16.89718
92.52657 1 17.76155 90.53299 1
15.38988 93.21908 1 20.90275 91.16868
1 23.1161 92.62929 1 29.32519
95.05665 1 28.59017 95.58705 1
22.63681 35.00508 1 22.8855 35.70553
1 16.90191 38.56118 1 15.78566
90.75108 1 17.55525 38.06129 1
27.29015 99.37797 1 17.28515 99.01903
1 22.22385 38.15655 1 20.25656
92.03507 1 22.20555 93.73052 1
18.05563 93.66285 1 18.57679 92.51286
1 20.97753 92.25533 1 18.25907
98.55295 1 15.59939 95.68502 1
20.59006 93.10037 1 25.70512 93.76256
1 23.59052 37.29956 1 29.1853
99.95208 1 21.75505 91.25552 1
20.30362 92.52366 1 15.58091 91.56395
1 23.90573 99.12127 1 25.73257
96.66281 1 22.29182 35.8696 1
15.52009 35.56653 1 26.10285 99.5132
1 20.38867 99.97169 1 25.92283
93.27816 1 22.10525 96.26857 1
15.88536 92.15506 1 23.55721 90.1725
1 18.26277 93.09677 1 21.85769
99.08936 1 18.78525 93.95526 1
25.21537 35.95261 1 22.11323 90.69256
1 27.25179 38.85702 1 21.0272
38.85815 1 20.95 35.26678 1
23.56983 38.97396 1 20.26936 95.6552
1 20.526 92.08861 1 22.58897
90.28705 1 25.28072 99.69133 1
20.23755 95.2603 1 29.65538 38.31108
1 20.9713 91.70823 1 26.15082
95.95123 1 20.60859 96.50786 1
19.86965 35.29553 1 21.18725 90.58115
1 27.85721 93.53698 1 28.05577
93.85875 1 22.36717 91.63658 1
21.75919 91.59125 1 20.50822 93.00155
1 16.09679 35.97387 1 16.35525
90.72768 1 15.22599 91.63555 1
18.23739 37.86892 1 15.05132 92.98666
1 21.11599 37.55363 1 23.25532
96.77578 1 20.22667 93.99531 1
22.21865 93.5596 1 15.99928 91.20637
1 18.57517 38.92295 1 28.38755
91.59315 1 22.75153 99.71596 1
15.97357 91.05777 1 21.70981 93.39958
1 20.05993 93.15157 1 21.53213
90.59362 1 23.26383 90.98366 1
29.93385 91.8817 1 22.55362 90.80855
1 18.69976 92.12105 1 23.32116
99.71179 1 21.52557 91.09262 1
18.85675 95.35832 1 18.51858 93.63098
1 20.81095 91.37796 1 25.31576
90.57121 1 18.97886 37.22056 1
25.36199 90.86209 1 23.89705 93.9351
1 23.55837 93.69732 1 23.21675
91.1753 1 29.77166 35.70951 1
23.22607 92.59195 1 22.78082 93.95551
1 23.01065 90.07251 1 22.58265
99.05935 1 21.56991 92.51502 1
29.87553 96.60559 1 17.62537 91.92938
1 25.76233 35.35522 1 18.95321
92.61153 1 21.085 38.56501 1
18.16523 93.37556 1 20.53127 91.38302
1 23.18585 99.35862 1 16.01929
35.9682 1 22.83393 90.62893 1
21.53739 93.03229 1 29.35977 90.25009
1 23.00713 91.81883 1 23.95092
90.76325 1 29.89223 92.1589 1
18.92769 99.52255 1 22.18352 95.55255
1 29.86619 35.75558 1 16.57232
91.02693 1 25.59828 92.50568 1
21.58008 35.61883 1 29.38989 38.55057
1 22.696 91.77152 1 21.77957
93.93953 1 15.065 35.85193 1
23.55807 90.55586 1 21.57363 92.99582
1 29.30796 99.75652 1 25.5591
90.7306 1 25.01666 91.30833 1
15.52202 35.32523 1 23.00955 95.19571
1 20.76015 99.20178 1 21.57931
92.32285 1 22.18867 93.23335 1
21.8638 92.75269 1 16.07735 91.78057
1 20.91553 90.27365 1 31.95213
35.57186 1 20.98959 93.85518 1
25.15132 92.37055 1 15.02513 38.59921
1 12.85191 92.25135 1 15.88653
93.5275 1 25.51203 35.23515 1
23.05355 90.15783 1 27.71929 91.25325
1 26.05515 35.0825 1 21.83609
91.58957 1 23.25898 38.78023 1
23.52769 99.31151 1 22.65575 92.98893
1 20.95769 35.52812 1 22.59098
93.76302 1 15.777 37.31387 1
23.1955 91.29533 1 20.90395 90.53581
1 23.38787 99.53515 1 27.18711
35.5153 1 22.10585 90.32617 1
29.57788 35.7853 1 29.7883 90.27502
1 18.76955 95.51586 1 23.59235
93.02388 1 18.18218 91.01176 1
18.36759 91.15107 1 23.26588 91.39955
1 20.52392 90.72208 1 23.36627
93.11772 1 29.58579 93.5608 1
20.35735 92.95502 1 23.35913 90.5122
1 18.56015 90.69273 1 20.1559
93.83555 1 25.38632 35.52077 1
26.33625 92.8835 1 22.26221 35.27805
1 25.98568 93.95789 1 29.51527
35.85511 1 16.56887 91.27111 1
17.56851 99.12285 1 22.333 38.78583
1 21.95602 90.35881 1 26.35258
93.27978 1 29.81052 38.62389 1
23.95656 92.02628 1 25.51377 96.01021
1 23.67961 92.55535 1 21.83281
90.05053 1 29.52965 99.8559 1
27.26589 35.63936 1 15.23306 35.95658
1 21.1783 99.63939 1 25.12717
90.98902 1 22.32183 35.38769 1
25.5755 93.95515 1 22.69552 91.98566
1 28.75806 93.06278 1 25.11033
91.27783 1 17.71003 91.05276 1
21.82397 95.55323 1 20.90235 92.35187
1 25.25996 35.59933 1 21.31866
90.83226 1 22.31537 91.62519 1
21.28857 92.82191 1 25.58159 93.51565
1 20.1615 92.55325 1 20.56891
93.06169 1 29.75729 90.76575 1
15.872 38.85533 1 21.31559 91.05688
1 22.56917 96.87361 1 23.5259
92.53503 1 23.17165 92.91875 1
16.95185 91.51518 1 21.86525 99.39972
1 15.02596 90.12813 1 17.68705
90.05215 1 22.56852 92.95529 1
20.07955 92.7379 1 18.32565 99.06806
1 22.18559 93.58998 1 21.82291
91.65551 1 22.85558 93.08523 1
20.51569 35.53963 1 21.03188 99.75297
1 26.8032 91.00785 1 20.05655
90.52505 1 15.28056 93.50126 1
22.71579 35.63019 1 21.75792 36.88507
1 25.2352 92.50656 1 21.86597
90.56158 1 22.85759 91.28056 1
23.97752 91.07221 1 25.20581 96.6522
1 22.59676 93.76153 1 21.05577
96.68306 1 29.25288 95.08857 1
15.55977 35.66793 1 21.55921 90.19975
1 15.6395 35.39338 1 20.97367
35.89038 1 23.00237 93.90256 1
21.70279 95.51526 1 29.21938 90.85557
1 23.99395 95.90637 1 20.65387
92.25609 1 21.00579 99.95575 1
20.1189 99.56771 1 20.15602 93.95609
1 22.56058 92.55575 1 21.596
92.90655 1 17.39859 90.6861 1
27.33791 39.55716 1 28.29556 91.13259
1 22.13856 92.02751 1 16.72388
92.51758 1 15.3272 93.95936 1
29.7236 90.71159 1 31.88999 93.06593
1 21.75739 92.53995 1 18.25795
90.06595 1 15.91636 97.82512 1
27.65737 91.70039 1 16.27622 38.55582
1 21.60357 91.18218 1 22.57296
90.16859 1 26.69675 90.9335 1
15.25338 95.615 1 25.98077 90.27959
1 20.62761 90.72913 1 15.01175
99.86662 1 15.11832 93.91961 1
11.88923 26.5912 0 6.971755 22.5075
0 5.150085 29.05073 0 5.758736
22.91179 0 11.79802 28.73551 0
10.60972 27.35053 0 10.78657 28.23507
0 12.65573 26.65251 0 2.561558
29.82167 0 8.07958 27.9151 0
19.35983 27.55722 0 10.90368 25.55035
0 6.703973 27.37926 0 11.85365
22.69097 0 6.262012 29.71712 0
10.78526 25.50006 0 11.18865 25.98085
0 5.912809 29.31665 0 12.37713
23.19515 0 8.195917 26.06191 0
10.95753 26.58632 0 8.121556 22.25789
0 8.793062 21.36659 0 7.525506
23.5392 0 2.610158 29.96523 0
10.05595 25.98036 0 16.01052 27.91805
0 5.612166 29.15136 0 5.555587
27.57526 0 5.326022 15.61387 0
12.56388 22.58057 0 8.818395 23.57872
0 7.828035 26.90755 0 10.78279
25.53768 0 7.51097 28.55936 0
11.87659 27.55998 0 12.05238 26.78769
0 8.523367 27.75763 0 11.11582
25.05255 0 5.80711 23.61716 0
13.37525 22.79397 0 7.857211 25.62812
0 10.57103 29.77763 0 5.822065
29.15515 0 8.515338 25.176 0
10.50322 21.2035 0 12.30371 23.86383
0 13.7521 21.9155 0 17.11955
26.32208 0 6.898636 25.885 0
5.190365 29.26706 0 10.15087 25.81552
0 5.962552 26.09692 0 19.3355
22.8098 0 12.33615 29.05363 0
12.57287 27.9268 0 5.008695 25.10616
0 6.562991 21.89853 0 10.08523
25.80885 0 5.703116 23.77223 0
7.626195 26.82513 0 8.733582 29.39058
0 9.808698 26.03768 0 8.750157
23.95267 0 5.055373 27.36678 0
11.06002 29.63705 0 12.99507 26.88517
0 11.73537 29.52282 0 15.07657
23.07655 0 13.29139 29.38357 0
13.16035 25.82539 0 13.58655 25.27699
0 10.62703 23.60561 0 12.01506
26.85003 0 10.56695 23.68559 0
5.256997 23.73009 0 11.53586 22.00085
0 5.655679 29.18201 0 5.536382
25.09372 0 8.556578 25.98106 0
5.865039 25.55292 0 11.07813 23.81123
0 7.657638 26.35508 0 1.865888
23.01311 0 10.32592 23.77805 0
5.569558 26.21232 0 8.885536 25.09635
0 5.233917 29.85317 0 11.02103
29.50552 0 8.980063 29.56219 0
19.01581 29.65319 0 7.791897 21.20931
0 3.855505 28.75597 0 8.170576
26.35793 0 12.95306 25.82366 0
10.73575 21.97235 0 10.10519 21.55372
0 10.22653 23.75185 0 3.658771
23.90125 0 5.952705 22.1663 0

